Episode,Reward
1,-199
2,-398
3,-597
4,-796
5,-995
6,-1194
7,-1393
8,-1443
9,-1642
10,-1841
11,-2040
12,-2239
13,-2438
14,-2549
15,-2748
16,-2947
17,-2987
18,-3041
19,-3240
20,-3439
21,-3638
22,-3837
23,-3879
24,-4078
25,-4104
26,-4303
27,-4502
28,-4701
29,-4723
30,-4922
31,-5121
32,-5141
33,-5166
34,-5183
35,-5200
36,-5220
37,-5235
38,-5250
39,-5265
40,-5281
41,-5480
42,-5498
43,-5519
44,-5534
45,-5549
46,-5565
47,-5581
48,-5596
49,-5615
50,-5633
51,-5651
52,-5666
53,-5681
54,-5696
55,-5712
56,-5731
57,-5760
58,-5959
59,-5976
60,-5993
61,-6008
62,-6024
63,-6039
64,-6074
65,-6089
66,-6105
67,-6121
68,-6136
69,-6152
70,-6167
71,-6366
72,-6382
73,-6399
74,-6422
75,-6444
76,-6460
77,-6476
78,-6510
79,-6527
80,-6726
81,-6743
82,-6758
83,-6773
84,-6789
85,-6805
86,-6824
87,-6841
88,-6856
89,-6871
90,-6886
91,-6902
92,-6919
93,-6936
94,-6952
95,-7151
96,-7166
97,-7183
98,-7198
99,-7213
100,-7228
101,-7245
102,-7260
103,-7281
104,-7296
105,-7320
106,-7338
107,-7353
108,-7369
109,-7388
110,-7405
111,-7422
112,-7437
113,-7453
114,-7471
115,-7486
116,-7507
117,-7523
118,-7538
119,-7569
120,-7585
121,-7600
122,-7615
123,-7630
124,-7645
125,-7664
126,-7863
127,-7880
128,-7896
129,-7911
130,-7932
131,-7947
132,-7964
133,-7979
134,-7998
135,-8013
136,-8031
137,-8049
138,-8065
139,-8264
140,-8279
141,-8298
142,-8314
143,-8330
144,-8348
145,-8363
146,-8378
147,-8396
148,-8411
149,-8430
150,-8448
151,-8464
152,-8481
153,-8496
154,-8516
155,-8536
156,-8552
157,-8572
158,-8587
159,-8604
160,-8621
161,-8636
162,-8657
163,-8672
164,-8689
165,-8707
166,-8723
167,-8739
168,-8754
169,-8773
170,-8790
171,-8806
172,-8821
173,-8843
174,-8859
175,-8881
176,-8898
177,-8914
178,-8931
179,-8946
180,-8961
181,-8976
182,-9063
183,-9078
184,-9093
185,-9110
186,-9309
187,-9324
188,-9342
189,-9363
190,-9379
191,-9394
192,-9411
193,-9431
194,-9452
195,-9467
196,-9482
197,-9498
198,-9515
199,-9531
200,-9547
201,-9562
202,-9578
203,-9593
204,-9609
205,-9627
206,-9643
207,-9660
208,-9678
209,-9694
210,-9711
211,-9726
212,-9742
213,-9757
214,-9776
215,-9794
216,-9811
217,-9831
218,-9850
219,-9866
220,-9882
221,-9899
222,-9914
223,-9932
224,-9950
225,-9965
226,-9980
227,-9997
228,-10015
229,-10030
230,-10049
231,-10064
232,-10085
233,-10100
234,-10117
235,-10132
236,-10153
237,-10168
238,-10186
239,-10201
240,-10217
241,-10233
242,-10252
243,-10269
244,-10284
245,-10299
246,-10315
247,-10331
248,-10347
249,-10362
250,-10377
251,-10399
252,-10418
253,-10433
254,-10448
255,-10464
256,-10480
257,-10495
258,-10512
259,-10529
260,-10728
261,-10745
262,-10762
263,-10778
264,-10794
265,-10813
266,-10829
267,-11028
268,-11043
269,-11058
270,-11073
271,-11088
272,-11104
273,-11121
274,-11137
275,-11156
276,-11179
277,-11378
278,-11394
279,-11411
280,-11430
281,-11445
282,-11463
283,-11479
284,-11498
285,-11517
286,-11535
287,-11550
288,-11749
289,-11948
290,-11965
291,-11983
292,-11999
293,-12015
294,-12031
295,-12047
296,-12062
297,-12077
298,-12095
299,-12111
300,-12126
301,-12145
302,-12160
303,-12175
304,-12190
305,-12207
306,-12223
307,-12243
308,-12264
309,-12281
310,-12300
311,-12316
312,-12335
313,-12353
314,-12369
315,-12385
316,-12584
317,-12600
318,-12617
319,-12632
320,-12651
321,-12666
322,-12683
323,-12698
324,-12897
325,-12912
326,-12929
327,-12952
328,-12968
329,-12984
330,-12999
331,-13198
332,-13213
333,-13229
334,-13248
335,-13265
336,-13280
337,-13295
338,-13313
339,-13512
340,-13532
341,-13548
342,-13563
343,-13584
344,-13783
345,-13802
346,-13818
347,-13839
348,-13854
349,-14053
350,-14068
351,-14085
352,-14100
353,-14115
354,-14138
355,-14157
356,-14174
357,-14191
358,-14206
359,-14222
360,-14240
361,-14257
362,-14272
363,-14471
364,-14488
365,-14506
366,-14705
367,-14739
368,-14754
369,-14773
370,-14788
371,-14806
372,-14823
373,-14838
374,-14858
375,-14877
376,-14896
377,-14913
378,-14933
379,-14951
380,-14970
381,-14986
382,-15007
383,-15024
384,-15044
385,-15059
386,-15074
387,-15091
388,-15106
389,-15122
390,-15140
391,-15156
392,-15174
393,-15195
394,-15210
395,-15225
396,-15424
397,-15442
398,-15461
399,-15478
400,-15500
401,-15515
402,-15530
403,-15545
404,-15569
405,-15585
406,-15600
407,-15627
408,-15645
409,-15660
410,-15678
411,-15694
412,-15710
413,-15725
414,-15741
415,-15756
416,-15772
417,-15789
418,-15804
419,-15821
420,-15836
421,-15853
422,-15872
423,-15892
424,-15908
425,-15923
426,-15939
427,-15961
428,-16160
429,-16181
430,-16196
431,-16214
432,-16229
433,-16245
434,-16260
435,-16277
436,-16293
437,-16309
438,-16325
439,-16343
440,-16359
441,-16375
442,-16391
443,-16406
444,-16421
445,-16440
446,-16466
447,-16483
448,-16499
449,-16516
450,-16531
451,-16549
452,-16565
453,-16583
454,-16599
455,-16616
456,-16636
457,-16652
458,-16671
459,-16686
460,-16702
461,-16717
462,-16732
463,-16747
464,-16762
465,-16779
466,-16796
467,-16816
468,-16831
469,-16847
470,-16862
471,-16878
472,-16895
473,-16912
474,-16930
475,-16946
476,-16963
477,-16979
478,-16995
479,-17011
480,-17030
481,-17046
482,-17061
483,-17078
484,-17094
485,-17110
486,-17309
487,-17331
488,-17346
489,-17364
490,-17379
491,-17396
492,-17416
493,-17615
494,-17636
495,-17651
496,-17667
497,-17682
498,-17699
499,-17715
500,-17730
501,-17749
502,-17765
503,-17783
504,-17799
505,-17816
506,-17836
507,-17851
508,-17874
509,-17891
510,-17910
511,-17929
512,-17944
513,-17961
514,-17976
515,-17993
516,-18009
517,-18028
518,-18043
519,-18059
520,-18076
521,-18095
522,-18110
523,-18127
524,-18142
525,-18159
526,-18174
527,-18373
528,-18389
529,-18405
530,-18421
531,-18437
532,-18455
533,-18470
534,-18669
535,-18684
536,-18700
537,-18716
538,-18915
539,-18931
540,-18946
541,-18961
542,-18978
543,-18996
544,-19012
545,-19027
546,-19044
547,-19060
548,-19078
549,-19094
550,-19112
551,-19134
552,-19149
553,-19164
554,-19363
555,-19380
556,-19396
557,-19411
558,-19426
559,-19442
560,-19458
561,-19473
562,-19672
563,-19688
564,-19703
565,-19718
566,-19737
567,-19754
568,-19769
569,-19784
570,-19799
571,-19998
572,-20016
573,-20033
574,-20049
575,-20065
576,-20082
577,-20099
578,-20114
579,-20132
580,-20147
581,-20162
582,-20177
583,-20193
584,-20211
585,-20232
586,-20247
587,-20446
588,-20462
589,-20481
590,-20498
591,-20513
592,-20530
593,-20545
594,-20564
595,-20581
596,-20596
597,-20612
598,-20631
599,-20646
600,-20663
601,-20679
602,-20694
603,-20712
604,-20727
605,-20749
606,-20764
607,-20781
608,-20796
609,-20811
610,-20829
611,-20845
612,-20860
613,-20875
614,-20891
615,-20907
616,-20922
617,-20944
618,-20959
619,-20979
620,-20997
621,-21013
622,-21029
623,-21047
624,-21066
625,-21084
626,-21099
627,-21115
628,-21131
629,-21150
630,-21170
631,-21185
632,-21200
633,-21217
634,-21233
635,-21253
636,-21268
637,-21286
638,-21301
639,-21321
640,-21336
641,-21351
642,-21366
643,-21381
644,-21396
645,-21416
646,-21615
647,-21631
648,-21651
649,-21668
650,-21685
651,-21706
652,-21721
653,-21736
654,-21753
655,-21774
656,-21791
657,-21807
658,-21826
659,-21842
660,-21860
661,-21875
662,-21891
663,-21910
664,-21925
665,-21945
666,-21965
667,-21980
668,-21999
669,-22016
670,-22032
671,-22049
672,-22064
673,-22079
674,-22094
675,-22110
676,-22126
677,-22145
678,-22162
679,-22179
680,-22195
681,-22212
682,-22227
683,-22245
684,-22262
685,-22280
686,-22295
687,-22311
688,-22334
689,-22351
690,-22368
691,-22383
692,-22400
693,-22415
694,-22430
695,-22445
696,-22460
697,-22476
698,-22493
699,-22510
700,-22528
701,-22546
702,-22562
703,-22579
704,-22595
705,-22615
706,-22630
707,-22648
708,-22664
709,-22681
710,-22696
711,-22711
712,-22726
713,-22741
714,-22757
715,-22773
716,-22788
717,-22803
718,-22820
719,-22837
720,-22853
721,-22870
722,-22887
723,-22902
724,-23101
725,-23119
726,-23137
727,-23154
728,-23170
729,-23369
730,-23391
731,-23409
732,-23424
733,-23442
734,-23460
735,-23477
736,-23497
737,-23512
738,-23529
739,-23544
740,-23560
741,-23576
742,-23591
743,-23606
744,-23626
745,-23648
746,-23667
747,-23683
748,-23882
749,-23898
750,-23916
751,-23931
752,-23950
753,-23965
754,-23980
755,-23998
756,-24017
757,-24032
758,-24048
759,-24064
760,-24079
761,-24094
762,-24109
763,-24124
764,-24139
765,-24157
766,-24172
767,-24190
768,-24206
769,-24224
770,-24239
771,-24254
772,-24453
773,-24470
774,-24487
775,-24503
776,-24518
777,-24534
778,-24550
779,-24567
780,-24588
781,-24604
782,-24622
783,-24638
784,-24662
785,-24682
786,-24698
787,-24721
788,-24737
789,-24936
790,-24952
791,-24967
792,-24982
793,-24997
794,-25012
795,-25027
796,-25042
797,-25061
798,-25078
799,-25096
800,-25112
801,-25127
802,-25142
803,-25159
804,-25176
805,-25192
806,-25207
807,-25406
808,-25421
809,-25436
810,-25452
811,-25469
812,-25488
813,-25505
814,-25521
815,-25536
816,-25553
817,-25573
818,-25591
819,-25613
820,-25633
821,-25648
822,-25663
823,-25679
824,-25695
825,-25711
826,-25731
827,-25749
828,-25765
829,-25780
830,-25795
831,-25811
832,-25834
833,-25851
834,-25869
835,-25886
836,-25906
837,-25922
838,-25938
839,-25957
840,-25973
841,-25988
842,-26003
843,-26018
844,-26033
845,-26052
846,-26070
847,-26092
848,-26113
849,-26128
850,-26144
851,-26161
852,-26176
853,-26194
854,-26214
855,-26229
856,-26245
857,-26444
858,-26463
859,-26662
860,-26680
861,-26696
862,-26712
863,-26727
864,-26744
865,-26762
866,-26778
867,-26977
868,-26992
869,-27007
870,-27022
871,-27039
872,-27054
873,-27069
874,-27092
875,-27109
876,-27124
877,-27141
878,-27159
879,-27174
880,-27193
881,-27208
882,-27225
883,-27243
884,-27264
885,-27279
886,-27294
887,-27314
888,-27329
889,-27345
890,-27363
891,-27381
892,-27396
893,-27412
894,-27427
895,-27442
896,-27458
897,-27479
898,-27498
899,-27517
900,-27534
901,-27552
902,-27570
903,-27585
904,-27601
905,-27619
906,-27638
907,-27655
908,-27854
909,-27871
910,-27890
911,-27906
912,-27921
913,-27943
914,-27959
915,-27975
916,-27990
917,-28006
918,-28025
919,-28041
920,-28064
921,-28081
922,-28099
923,-28115
924,-28133
925,-28149
926,-28165
927,-28180
928,-28201
929,-28219
930,-28236
931,-28253
932,-28278
933,-28295
934,-28494
935,-28510
936,-28526
937,-28542
938,-28558
939,-28586
940,-28604
941,-28621
942,-28636
943,-28653
944,-28668
945,-28683
946,-28701
947,-28719
948,-28738
949,-28755
950,-28772
951,-28797
952,-28815
953,-28831
954,-28848
955,-28867
956,-28883
957,-28898
958,-28915
959,-28931
960,-28948
961,-28964
962,-28981
963,-28997
964,-29012
965,-29027
966,-29044
967,-29060
968,-29076
969,-29092
970,-29112
971,-29128
972,-29147
973,-29164
974,-29179
975,-29197
976,-29212
977,-29227
978,-29244
979,-29266
980,-29283
981,-29298
982,-29313
983,-29343
984,-29358
985,-29378
986,-29394
987,-29412
988,-29430
989,-29447
990,-29468
991,-29483
992,-29500
993,-29518
994,-29540
995,-29559
996,-29575
997,-29592
998,-29607
999,-29624
1000,-29640
1001,-29655
1002,-29670
1003,-29685
1004,-29701
1005,-29716
1006,-29733
1007,-29748
1008,-29767
1009,-29785
1010,-29800
1011,-29818
1012,-29835
1013,-29851
1014,-29866
1015,-29881
1016,-29897
1017,-29916
1018,-29932
1019,-29947
1020,-30146
1021,-30162
1022,-30177
1023,-30193
1024,-30208
1025,-30223
1026,-30238
1027,-30259
1028,-30284
1029,-30305
1030,-30322
1031,-30521
1032,-30539
1033,-30554
1034,-30569
1035,-30585
1036,-30601
1037,-30617
1038,-30632
1039,-30650
1040,-30668
1041,-30685
1042,-30884
1043,-30902
1044,-31101
1045,-31118
1046,-31133
1047,-31151
1048,-31170
1049,-31186
1050,-31201
1051,-31220
1052,-31238
1053,-31254
1054,-31272
1055,-31287
1056,-31305
1057,-31322
1058,-31342
1059,-31360
1060,-31381
1061,-31400
1062,-31417
1063,-31437
1064,-31453
1065,-31474
1066,-31493
1067,-31508
1068,-31523
1069,-31539
1070,-31558
1071,-31573
1072,-31590
1073,-31789
1074,-31806
1075,-31826
1076,-31842
1077,-31862
1078,-31878
1079,-31893
1080,-31909
1081,-32108
1082,-32125
1083,-32141
1084,-32156
1085,-32355
1086,-32371
1087,-32389
1088,-32405
1089,-32420
1090,-32442
1091,-32458
1092,-32474
1093,-32489
1094,-32504
1095,-32521
1096,-32539
1097,-32558
1098,-32574
1099,-32593
1100,-32609
1101,-32627
1102,-32643
1103,-32658
1104,-32673
1105,-32688
1106,-32704
1107,-32723
1108,-32738
1109,-32753
1110,-32768
1111,-32783
1112,-32799
1113,-32817
1114,-32832
1115,-32850
1116,-32867
1117,-32883
1118,-32899
1119,-32916
1120,-32932
1121,-32947
1122,-32962
1123,-32982
1124,-32999
1125,-33017
1126,-33036
1127,-33053
1128,-33068
1129,-33083
1130,-33098
1131,-33113
1132,-33132
1133,-33147
1134,-33163
1135,-33179
1136,-33199
1137,-33214
1138,-33229
1139,-33244
1140,-33259
1141,-33276
1142,-33294
1143,-33309
1144,-33327
1145,-33342
1146,-33358
1147,-33375
1148,-33392
1149,-33409
1150,-33425
1151,-33442
1152,-33458
1153,-33473
1154,-33489
1155,-33506
1156,-33528
1157,-33545
1158,-33570
1159,-33585
1160,-33600
1161,-33615
1162,-33630
1163,-33646
1164,-33664
1165,-33681
1166,-33697
1167,-33712
1168,-33727
1169,-33743
1170,-33759
1171,-33775
1172,-33791
1173,-33990
1174,-34012
1175,-34211
1176,-34226
1177,-34241
1178,-34256
1179,-34272
1180,-34288
1181,-34304
1182,-34322
1183,-34339
1184,-34355
1185,-34371
1186,-34392
1187,-34408
1188,-34425
1189,-34441
1190,-34461
1191,-34477
1192,-34493
1193,-34508
1194,-34526
1195,-34541
1196,-34557
1197,-34574
1198,-34773
1199,-34789
1200,-34805
1201,-34824
1202,-34839
1203,-34854
1204,-35053
1205,-35071
1206,-35086
1207,-35102
1208,-35121
1209,-35137
1210,-35152
1211,-35173
1212,-35188
1213,-35203
1214,-35218
1215,-35234
1216,-35249
1217,-35268
1218,-35283
1219,-35298
1220,-35314
1221,-35330
1222,-35346
1223,-35362
1224,-35379
1225,-35396
1226,-35411
1227,-35426
1228,-35443
1229,-35459
1230,-35475
1231,-35490
1232,-35505
1233,-35521
1234,-35539
1235,-35554
1236,-35570
1237,-35591
1238,-35607
1239,-35624
1240,-35643
1241,-35659
1242,-35674
1243,-35690
1244,-35705
1245,-35724
1246,-35744
1247,-35763
1248,-35962
1249,-35983
1250,-35998
1251,-36014
1252,-36035
1253,-36234
1254,-36253
1255,-36270
1256,-36285
1257,-36305
1258,-36323
1259,-36344
1260,-36359
1261,-36374
1262,-36395
1263,-36410
1264,-36430
1265,-36446
1266,-36461
1267,-36476
1268,-36494
1269,-36511
1270,-36526
1271,-36543
1272,-36559
1273,-36574
1274,-36590
1275,-36789
1276,-36804
1277,-36827
1278,-36843
1279,-36858
1280,-36875
1281,-36890
1282,-36906
1283,-36926
1284,-36942
1285,-36960
1286,-36976
1287,-36996
1288,-37017
1289,-37032
1290,-37048
1291,-37069
1292,-37086
1293,-37101
1294,-37118
1295,-37133
1296,-37150
1297,-37166
1298,-37183
1299,-37202
1300,-37222
1301,-37243
1302,-37261
1303,-37276
1304,-37293
1305,-37314
1306,-37330
1307,-37345
1308,-37364
1309,-37379
1310,-37395
1311,-37412
1312,-37427
1313,-37442
1314,-37457
1315,-37472
1316,-37489
1317,-37504
1318,-37520
1319,-37536
1320,-37552
1321,-37568
1322,-37583
1323,-37599
1324,-37622
1325,-37637
1326,-37652
1327,-37671
1328,-37686
1329,-37703
1330,-37718
1331,-37733
1332,-37750
1333,-37767
1334,-37784
1335,-37800
1336,-37817
1337,-38016
1338,-38033
1339,-38049
1340,-38065
1341,-38080
1342,-38096
1343,-38113
1344,-38131
1345,-38149
1346,-38164
1347,-38183
1348,-38198
1349,-38214
1350,-38229
1351,-38244
1352,-38264
1353,-38282
1354,-38298
1355,-38315
1356,-38330
1357,-38348
1358,-38363
1359,-38384
1360,-38401
1361,-38416
1362,-38434
1363,-38449
1364,-38465
1365,-38480
1366,-38495
1367,-38512
1368,-38527
1369,-38545
1370,-38560
1371,-38576
1372,-38591
1373,-38610
1374,-38626
1375,-38642
1376,-38657
1377,-38676
1378,-38693
1379,-38710
1380,-38726
1381,-38741
1382,-38756
1383,-38772
1384,-38789
1385,-38805
1386,-38820
1387,-38838
1388,-38854
1389,-38870
1390,-39069
1391,-39086
1392,-39101
1393,-39120
1394,-39136
1395,-39156
1396,-39174
1397,-39193
1398,-39392
1399,-39410
1400,-39427
1401,-39443
1402,-39459
1403,-39478
1404,-39493
1405,-39510
1406,-39528
1407,-39545
1408,-39560
1409,-39575
1410,-39590
1411,-39607
1412,-39622
1413,-39640
1414,-39656
1415,-39671
1416,-39688
1417,-39703
1418,-39721
1419,-39737
1420,-39755
1421,-39770
1422,-39785
1423,-39805
1424,-40004
1425,-40022
1426,-40044
1427,-40059
1428,-40258
1429,-40273
1430,-40294
1431,-40493
1432,-40509
1433,-40525
1434,-40540
1435,-40559
1436,-40580
1437,-40596
1438,-40618
1439,-40635
1440,-40653
1441,-40668
1442,-40685
1443,-40701
1444,-40716
1445,-40732
1446,-40749
1447,-40770
1448,-40787
1449,-40803
1450,-40818
1451,-40833
1452,-40848
1453,-40866
1454,-40882
1455,-40897
1456,-40912
1457,-40927
1458,-40944
1459,-40962
1460,-41161
1461,-41180
1462,-41195
1463,-41213
1464,-41412
1465,-41428
1466,-41446
1467,-41461
1468,-41477
1469,-41676
1470,-41691
1471,-41707
1472,-41722
1473,-41739
1474,-41756
1475,-41774
1476,-41789
1477,-41804
1478,-41821
1479,-41837
1480,-41857
1481,-41877
1482,-42076
1483,-42093
1484,-42292
1485,-42308
1486,-42328
1487,-42347
1488,-42362
1489,-42377
1490,-42393
1491,-42408
1492,-42425
1493,-42446
1494,-42463
1495,-42478
1496,-42495
1497,-42510
1498,-42525
1499,-42546
1500,-42563
1501,-42578
1502,-42593
1503,-42792
1504,-42807
1505,-43006
1506,-43022
1507,-43041
1508,-43058
1509,-43076
1510,-43095
1511,-43111
1512,-43129
1513,-43145
1514,-43161
1515,-43180
1516,-43195
1517,-43212
1518,-43228
1519,-43243
1520,-43266
1521,-43281
1522,-43300
1523,-43316
1524,-43334
1525,-43355
1526,-43374
1527,-43395
1528,-43411
1529,-43429
1530,-43447
1531,-43462
1532,-43478
1533,-43493
1534,-43508
1535,-43524
1536,-43541
1537,-43556
1538,-43573
1539,-43593
1540,-43608
1541,-43623
1542,-43639
1543,-43655
1544,-43670
1545,-43685
1546,-43700
1547,-43716
1548,-43731
1549,-43747
1550,-43765
1551,-43780
1552,-43796
1553,-43812
1554,-43828
1555,-43843
1556,-43860
1557,-43877
1558,-43894
1559,-43909
1560,-43925
1561,-43942
1562,-43961
1563,-43986
1564,-44001
1565,-44017
1566,-44032
1567,-44053
1568,-44068
1569,-44083
1570,-44098
1571,-44116
1572,-44133
1573,-44153
1574,-44169
1575,-44368
1576,-44384
1577,-44399
1578,-44420
1579,-44435
1580,-44454
1581,-44469
1582,-44486
1583,-44501
1584,-44519
1585,-44534
1586,-44552
1587,-44569
1588,-44586
1589,-44601
1590,-44620
1591,-44636
1592,-44654
1593,-44674
1594,-44690
1595,-44713
1596,-44730
1597,-44748
1598,-44765
1599,-44780
1600,-44795
1601,-44811
1602,-44826
1603,-44844
1604,-45043
1605,-45060
1606,-45075
1607,-45096
1608,-45112
1609,-45127
1610,-45142
1611,-45159
1612,-45178
1613,-45197
1614,-45214
1615,-45234
1616,-45433
1617,-45451
1618,-45466
1619,-45481
1620,-45496
1621,-45517
1622,-45532
1623,-45550
1624,-45569
1625,-45585
1626,-45600
1627,-45615
1628,-45814
1629,-45829
1630,-45844
1631,-45860
1632,-45878
1633,-45897
1634,-45914
1635,-45929
1636,-45945
1637,-45961
1638,-45977
1639,-45992
1640,-46007
1641,-46025
1642,-46046
1643,-46066
1644,-46081
1645,-46097
1646,-46121
1647,-46138
1648,-46155
1649,-46173
1650,-46189
1651,-46206
1652,-46221
1653,-46237
1654,-46254
1655,-46269
1656,-46285
1657,-46303
1658,-46319
1659,-46334
1660,-46349
1661,-46364
1662,-46382
1663,-46399
1664,-46414
1665,-46430
1666,-46447
1667,-46463
1668,-46481
1669,-46680
1670,-46699
1671,-46715
1672,-46736
1673,-46753
1674,-46769
1675,-46784
1676,-46799
1677,-46818
1678,-46833
1679,-46850
1680,-46867
1681,-46883
1682,-46905
1683,-46921
1684,-47120
1685,-47136
1686,-47153
1687,-47352
1688,-47374
1689,-47390
1690,-47405
1691,-47420
1692,-47438
1693,-47456
1694,-47472
1695,-47489
1696,-47688
1697,-47887
1698,-47903
1699,-47918
1700,-47934
1701,-47950
1702,-47966
1703,-47983
1704,-47998
1705,-48018
1706,-48034
1707,-48050
1708,-48068
1709,-48083
1710,-48098
1711,-48113
1712,-48129
1713,-48144
1714,-48160
1715,-48177
1716,-48198
1717,-48213
1718,-48228
1719,-48243
1720,-48259
1721,-48275
1722,-48291
1723,-48306
1724,-48321
1725,-48337
1726,-48355
1727,-48371
1728,-48386
1729,-48403
1730,-48418
1731,-48433
1732,-48448
1733,-48647
1734,-48663
1735,-48862
1736,-48878
1737,-48895
1738,-48910
1739,-48927
1740,-48945
1741,-48961
1742,-48976
1743,-48992
1744,-49011
1745,-49026
1746,-49041
1747,-49057
1748,-49074
1749,-49092
1750,-49107
1751,-49123
1752,-49139
1753,-49155
1754,-49173
1755,-49188
1756,-49204
1757,-49403
1758,-49420
1759,-49435
1760,-49455
1761,-49470
1762,-49492
1763,-49512
1764,-49527
1765,-49543
1766,-49560
1767,-49578
1768,-49593
1769,-49608
1770,-49807
1771,-49824
1772,-49839
1773,-49854
1774,-49871
1775,-49886
1776,-50085
1777,-50100
1778,-50120
1779,-50141
1780,-50156
1781,-50174
1782,-50193
1783,-50212
1784,-50231
1785,-50247
1786,-50262
1787,-50281
1788,-50297
1789,-50316
1790,-50331
1791,-50346
1792,-50366
1793,-50385
1794,-50403
1795,-50419
1796,-50436
1797,-50454
1798,-50471
1799,-50492
1800,-50508
1801,-50523
1802,-50538
1803,-50553
1804,-50569
1805,-50591
1806,-50606
1807,-50622
1808,-50640
1809,-50655
1810,-50670
1811,-50685
1812,-50700
1813,-50715
1814,-50734
1815,-50750
1816,-50767
1817,-50784
1818,-50800
1819,-50816
1820,-50831
1821,-50847
1822,-50863
1823,-50878
1824,-50893
1825,-50909
1826,-50926
1827,-50943
1828,-50959
1829,-50979
1830,-50994
1831,-51010
1832,-51029
1833,-51049
1834,-51064
1835,-51079
1836,-51095
1837,-51110
1838,-51127
1839,-51148
1840,-51167
1841,-51182
1842,-51197
1843,-51212
1844,-51228
1845,-51245
1846,-51260
1847,-51280
1848,-51295
1849,-51312
1850,-51330
1851,-51349
1852,-51364
1853,-51379
1854,-51394
1855,-51409
1856,-51426
1857,-51443
1858,-51460
1859,-51477
1860,-51676
1861,-51692
1862,-51891
1863,-51907
1864,-51922
1865,-51938
1866,-51953
1867,-51971
1868,-51986
1869,-52001
1870,-52016
1871,-52031
1872,-52047
1873,-52246
1874,-52264
1875,-52281
1876,-52300
1877,-52318
1878,-52336
1879,-52355
1880,-52370
1881,-52386
1882,-52401
1883,-52416
1884,-52431
1885,-52448
1886,-52463
1887,-52484
1888,-52499
1889,-52515
1890,-52530
1891,-52551
1892,-52566
1893,-52583
1894,-52598
1895,-52619
1896,-52635
1897,-52651
1898,-52669
1899,-52684
1900,-52701
1901,-52717
1902,-52734
1903,-52753
1904,-52769
1905,-52785
1906,-52800
1907,-52999
1908,-53018
1909,-53034
1910,-53052
1911,-53068
1912,-53083
1913,-53282
1914,-53302
1915,-53325
1916,-53341
1917,-53360
1918,-53376
1919,-53393
1920,-53409
1921,-53424
1922,-53440
1923,-53639
1924,-53657
1925,-53675
1926,-53691
1927,-53706
1928,-53723
1929,-53738
1930,-53755
1931,-53775
1932,-53791
1933,-53806
1934,-53821
1935,-53840
1936,-53858
1937,-53881
1938,-53899
1939,-53914
1940,-53935
1941,-53951
1942,-53966
1943,-53982
1944,-53997
1945,-54013
1946,-54028
1947,-54045
1948,-54062
1949,-54079
1950,-54094
1951,-54110
1952,-54128
1953,-54144
1954,-54159
1955,-54175
1956,-54191
1957,-54206
1958,-54225
1959,-54424
1960,-54442
1961,-54462
1962,-54477
1963,-54676
1964,-54694
1965,-54709
1966,-54724
1967,-54739
1968,-54754
1969,-54771
1970,-54786
1971,-54801
1972,-54818
1973,-54833
1974,-54850
1975,-54865
1976,-54882
1977,-54897
1978,-54914
1979,-54929
1980,-54949
1981,-54966
1982,-54981
1983,-54998
1984,-55013
1985,-55028
1986,-55046
1987,-55062
1988,-55078
1989,-55277
1990,-55294
1991,-55310
1992,-55327
1993,-55345
1994,-55364
1995,-55382
1996,-55398
1997,-55416
1998,-55431
1999,-55447
2000,-55462
