Episode,Steps
1,200
2,400
3,600
4,800
5,1000
6,1200
7,1400
8,1451
9,1651
10,1851
11,2051
12,2251
13,2451
14,2563
15,2763
16,2963
17,3004
18,3059
19,3259
20,3459
21,3659
22,3859
23,3902
24,4102
25,4129
26,4329
27,4529
28,4729
29,4752
30,4952
31,5152
32,5173
33,5199
34,5217
35,5235
36,5256
37,5272
38,5288
39,5304
40,5321
41,5521
42,5540
43,5562
44,5578
45,5594
46,5611
47,5628
48,5644
49,5664
50,5683
51,5702
52,5718
53,5734
54,5750
55,5767
56,5787
57,5817
58,6017
59,6035
60,6053
61,6069
62,6086
63,6102
64,6138
65,6154
66,6171
67,6188
68,6204
69,6221
70,6237
71,6437
72,6454
73,6472
74,6496
75,6519
76,6536
77,6553
78,6588
79,6606
80,6806
81,6824
82,6840
83,6856
84,6873
85,6890
86,6910
87,6928
88,6944
89,6960
90,6976
91,6993
92,7011
93,7029
94,7046
95,7246
96,7262
97,7280
98,7296
99,7312
100,7328
101,7346
102,7362
103,7384
104,7400
105,7425
106,7444
107,7460
108,7477
109,7497
110,7515
111,7533
112,7549
113,7566
114,7585
115,7601
116,7623
117,7640
118,7656
119,7688
120,7705
121,7721
122,7737
123,7753
124,7769
125,7789
126,7989
127,8007
128,8024
129,8040
130,8062
131,8078
132,8096
133,8112
134,8132
135,8148
136,8167
137,8186
138,8203
139,8403
140,8419
141,8439
142,8456
143,8473
144,8492
145,8508
146,8524
147,8543
148,8559
149,8579
150,8598
151,8615
152,8633
153,8649
154,8670
155,8691
156,8708
157,8729
158,8745
159,8763
160,8781
161,8797
162,8819
163,8835
164,8853
165,8872
166,8889
167,8906
168,8922
169,8942
170,8960
171,8977
172,8993
173,9016
174,9033
175,9056
176,9074
177,9091
178,9109
179,9125
180,9141
181,9157
182,9245
183,9261
184,9277
185,9295
186,9495
187,9511
188,9530
189,9552
190,9569
191,9585
192,9603
193,9624
194,9646
195,9662
196,9678
197,9695
198,9713
199,9730
200,9747
201,9763
202,9780
203,9796
204,9813
205,9832
206,9849
207,9867
208,9886
209,9903
210,9921
211,9937
212,9954
213,9970
214,9990
215,10009
216,10027
217,10048
218,10068
219,10085
220,10102
221,10120
222,10136
223,10155
224,10174
225,10190
226,10206
227,10224
228,10243
229,10259
230,10279
231,10295
232,10317
233,10333
234,10351
235,10367
236,10389
237,10405
238,10424
239,10440
240,10457
241,10474
242,10494
243,10512
244,10528
245,10544
246,10561
247,10578
248,10595
249,10611
250,10627
251,10650
252,10670
253,10686
254,10702
255,10719
256,10736
257,10752
258,10770
259,10788
260,10988
261,11006
262,11024
263,11041
264,11058
265,11078
266,11095
267,11295
268,11311
269,11327
270,11343
271,11359
272,11376
273,11394
274,11411
275,11431
276,11455
277,11655
278,11672
279,11690
280,11710
281,11726
282,11745
283,11762
284,11782
285,11802
286,11821
287,11837
288,12037
289,12237
290,12255
291,12274
292,12291
293,12308
294,12325
295,12342
296,12358
297,12374
298,12393
299,12410
300,12426
301,12446
302,12462
303,12478
304,12494
305,12512
306,12529
307,12550
308,12572
309,12590
310,12610
311,12627
312,12647
313,12666
314,12683
315,12700
316,12900
317,12917
318,12935
319,12951
320,12971
321,12987
322,13005
323,13021
324,13221
325,13237
326,13255
327,13279
328,13296
329,13313
330,13329
331,13529
332,13545
333,13562
334,13582
335,13600
336,13616
337,13632
338,13651
339,13851
340,13872
341,13889
342,13905
343,13927
344,14127
345,14147
346,14164
347,14186
348,14202
349,14402
350,14418
351,14436
352,14452
353,14468
354,14492
355,14512
356,14530
357,14548
358,14564
359,14581
360,14600
361,14618
362,14634
363,14834
364,14852
365,14871
366,15071
367,15106
368,15122
369,15142
370,15158
371,15177
372,15195
373,15211
374,15232
375,15252
376,15272
377,15290
378,15311
379,15330
380,15350
381,15367
382,15389
383,15407
384,15428
385,15444
386,15460
387,15478
388,15494
389,15511
390,15530
391,15547
392,15566
393,15588
394,15604
395,15620
396,15820
397,15839
398,15859
399,15877
400,15900
401,15916
402,15932
403,15948
404,15973
405,15990
406,16006
407,16034
408,16053
409,16069
410,16088
411,16105
412,16122
413,16138
414,16155
415,16171
416,16188
417,16206
418,16222
419,16240
420,16256
421,16274
422,16294
423,16315
424,16332
425,16348
426,16365
427,16388
428,16588
429,16610
430,16626
431,16645
432,16661
433,16678
434,16694
435,16712
436,16729
437,16746
438,16763
439,16782
440,16799
441,16816
442,16833
443,16849
444,16865
445,16885
446,16912
447,16930
448,16947
449,16965
450,16981
451,17000
452,17017
453,17036
454,17053
455,17071
456,17092
457,17109
458,17129
459,17145
460,17162
461,17178
462,17194
463,17210
464,17226
465,17244
466,17262
467,17283
468,17299
469,17316
470,17332
471,17349
472,17367
473,17385
474,17404
475,17421
476,17439
477,17456
478,17473
479,17490
480,17510
481,17527
482,17543
483,17561
484,17578
485,17595
486,17795
487,17818
488,17834
489,17853
490,17869
491,17887
492,17908
493,18108
494,18130
495,18146
496,18163
497,18179
498,18197
499,18214
500,18230
501,18250
502,18267
503,18286
504,18303
505,18321
506,18342
507,18358
508,18382
509,18400
510,18420
511,18440
512,18456
513,18474
514,18490
515,18508
516,18525
517,18545
518,18561
519,18578
520,18596
521,18616
522,18632
523,18650
524,18666
525,18684
526,18700
527,18900
528,18917
529,18934
530,18951
531,18968
532,18987
533,19003
534,19203
535,19219
536,19236
537,19253
538,19453
539,19470
540,19486
541,19502
542,19520
543,19539
544,19556
545,19572
546,19590
547,19607
548,19626
549,19643
550,19662
551,19685
552,19701
553,19717
554,19917
555,19935
556,19952
557,19968
558,19984
559,20001
560,20018
561,20034
562,20234
563,20251
564,20267
565,20283
566,20303
567,20321
568,20337
569,20353
570,20369
571,20569
572,20588
573,20606
574,20623
575,20640
576,20658
577,20676
578,20692
579,20711
580,20727
581,20743
582,20759
583,20776
584,20795
585,20817
586,20833
587,21033
588,21050
589,21070
590,21088
591,21104
592,21122
593,21138
594,21158
595,21176
596,21192
597,21209
598,21229
599,21245
600,21263
601,21280
602,21296
603,21315
604,21331
605,21354
606,21370
607,21388
608,21404
609,21420
610,21439
611,21456
612,21472
613,21488
614,21505
615,21522
616,21538
617,21561
618,21577
619,21598
620,21617
621,21634
622,21651
623,21670
624,21690
625,21709
626,21725
627,21742
628,21759
629,21779
630,21800
631,21816
632,21832
633,21850
634,21867
635,21888
636,21904
637,21923
638,21939
639,21960
640,21976
641,21992
642,22008
643,22024
644,22040
645,22061
646,22261
647,22278
648,22299
649,22317
650,22335
651,22357
652,22373
653,22389
654,22407
655,22429
656,22447
657,22464
658,22484
659,22501
660,22520
661,22536
662,22553
663,22573
664,22589
665,22610
666,22631
667,22647
668,22667
669,22685
670,22702
671,22720
672,22736
673,22752
674,22768
675,22785
676,22802
677,22822
678,22840
679,22858
680,22875
681,22893
682,22909
683,22928
684,22946
685,22965
686,22981
687,22998
688,23022
689,23040
690,23058
691,23074
692,23092
693,23108
694,23124
695,23140
696,23156
697,23173
698,23191
699,23209
700,23228
701,23247
702,23264
703,23282
704,23299
705,23320
706,23336
707,23355
708,23372
709,23390
710,23406
711,23422
712,23438
713,23454
714,23471
715,23488
716,23504
717,23520
718,23538
719,23556
720,23573
721,23591
722,23609
723,23625
724,23825
725,23844
726,23863
727,23881
728,23898
729,24098
730,24121
731,24140
732,24156
733,24175
734,24194
735,24212
736,24233
737,24249
738,24267
739,24283
740,24300
741,24317
742,24333
743,24349
744,24370
745,24393
746,24413
747,24430
748,24630
749,24647
750,24666
751,24682
752,24702
753,24718
754,24734
755,24753
756,24773
757,24789
758,24806
759,24823
760,24839
761,24855
762,24871
763,24887
764,24903
765,24922
766,24938
767,24957
768,24974
769,24993
770,25009
771,25025
772,25225
773,25243
774,25261
775,25278
776,25294
777,25311
778,25328
779,25346
780,25368
781,25385
782,25404
783,25421
784,25446
785,25467
786,25484
787,25508
788,25525
789,25725
790,25742
791,25758
792,25774
793,25790
794,25806
795,25822
796,25838
797,25858
798,25876
799,25895
800,25912
801,25928
802,25944
803,25962
804,25980
805,25997
806,26013
807,26213
808,26229
809,26245
810,26262
811,26280
812,26300
813,26318
814,26335
815,26351
816,26369
817,26390
818,26409
819,26432
820,26453
821,26469
822,26485
823,26502
824,26519
825,26536
826,26557
827,26576
828,26593
829,26609
830,26625
831,26642
832,26666
833,26684
834,26703
835,26721
836,26742
837,26759
838,26776
839,26796
840,26813
841,26829
842,26845
843,26861
844,26877
845,26897
846,26916
847,26939
848,26961
849,26977
850,26994
851,27012
852,27028
853,27047
854,27068
855,27084
856,27101
857,27301
858,27321
859,27521
860,27540
861,27557
862,27574
863,27590
864,27608
865,27627
866,27644
867,27844
868,27860
869,27876
870,27892
871,27910
872,27926
873,27942
874,27966
875,27984
876,28000
877,28018
878,28037
879,28053
880,28073
881,28089
882,28107
883,28126
884,28148
885,28164
886,28180
887,28201
888,28217
889,28234
890,28253
891,28272
892,28288
893,28305
894,28321
895,28337
896,28354
897,28376
898,28396
899,28416
900,28434
901,28453
902,28472
903,28488
904,28505
905,28524
906,28544
907,28562
908,28762
909,28780
910,28800
911,28817
912,28833
913,28856
914,28873
915,28890
916,28906
917,28923
918,28943
919,28960
920,28984
921,29002
922,29021
923,29038
924,29057
925,29074
926,29091
927,29107
928,29129
929,29148
930,29166
931,29184
932,29210
933,29228
934,29428
935,29445
936,29462
937,29479
938,29496
939,29525
940,29544
941,29562
942,29578
943,29596
944,29612
945,29628
946,29647
947,29666
948,29686
949,29704
950,29722
951,29748
952,29767
953,29784
954,29802
955,29822
956,29839
957,29855
958,29873
959,29890
960,29908
961,29925
962,29943
963,29960
964,29976
965,29992
966,30010
967,30027
968,30044
969,30061
970,30082
971,30099
972,30119
973,30137
974,30153
975,30172
976,30188
977,30204
978,30222
979,30245
980,30263
981,30279
982,30295
983,30326
984,30342
985,30363
986,30380
987,30399
988,30418
989,30436
990,30458
991,30474
992,30492
993,30511
994,30534
995,30554
996,30571
997,30589
998,30605
999,30623
1000,30640
1001,30656
1002,30672
1003,30688
1004,30705
1005,30721
1006,30739
1007,30755
1008,30775
1009,30794
1010,30810
1011,30829
1012,30847
1013,30864
1014,30880
1015,30896
1016,30913
1017,30933
1018,30950
1019,30966
1020,31166
1021,31183
1022,31199
1023,31216
1024,31232
1025,31248
1026,31264
1027,31286
1028,31312
1029,31334
1030,31352
1031,31552
1032,31571
1033,31587
1034,31603
1035,31620
1036,31637
1037,31654
1038,31670
1039,31689
1040,31708
1041,31726
1042,31926
1043,31945
1044,32145
1045,32163
1046,32179
1047,32198
1048,32218
1049,32235
1050,32251
1051,32271
1052,32290
1053,32307
1054,32326
1055,32342
1056,32361
1057,32379
1058,32400
1059,32419
1060,32441
1061,32461
1062,32479
1063,32500
1064,32517
1065,32539
1066,32559
1067,32575
1068,32591
1069,32608
1070,32628
1071,32644
1072,32662
1073,32862
1074,32880
1075,32901
1076,32918
1077,32939
1078,32956
1079,32972
1080,32989
1081,33189
1082,33207
1083,33224
1084,33240
1085,33440
1086,33457
1087,33476
1088,33493
1089,33509
1090,33532
1091,33549
1092,33566
1093,33582
1094,33598
1095,33616
1096,33635
1097,33655
1098,33672
1099,33692
1100,33709
1101,33728
1102,33745
1103,33761
1104,33777
1105,33793
1106,33810
1107,33830
1108,33846
1109,33862
1110,33878
1111,33894
1112,33911
1113,33930
1114,33946
1115,33965
1116,33983
1117,34000
1118,34017
1119,34035
1120,34052
1121,34068
1122,34084
1123,34105
1124,34123
1125,34142
1126,34162
1127,34180
1128,34196
1129,34212
1130,34228
1131,34244
1132,34264
1133,34280
1134,34297
1135,34314
1136,34335
1137,34351
1138,34367
1139,34383
1140,34399
1141,34417
1142,34436
1143,34452
1144,34471
1145,34487
1146,34504
1147,34522
1148,34540
1149,34558
1150,34575
1151,34593
1152,34610
1153,34626
1154,34643
1155,34661
1156,34684
1157,34702
1158,34728
1159,34744
1160,34760
1161,34776
1162,34792
1163,34809
1164,34828
1165,34846
1166,34863
1167,34879
1168,34895
1169,34912
1170,34929
1171,34946
1172,34963
1173,35163
1174,35186
1175,35386
1176,35402
1177,35418
1178,35434
1179,35451
1180,35468
1181,35485
1182,35504
1183,35522
1184,35539
1185,35556
1186,35578
1187,35595
1188,35613
1189,35630
1190,35651
1191,35668
1192,35685
1193,35701
1194,35720
1195,35736
1196,35753
1197,35771
1198,35971
1199,35988
1200,36005
1201,36025
1202,36041
1203,36057
1204,36257
1205,36276
1206,36292
1207,36309
1208,36329
1209,36346
1210,36362
1211,36384
1212,36400
1213,36416
1214,36432
1215,36449
1216,36465
1217,36485
1218,36501
1219,36517
1220,36534
1221,36551
1222,36568
1223,36585
1224,36603
1225,36621
1226,36637
1227,36653
1228,36671
1229,36688
1230,36705
1231,36721
1232,36737
1233,36754
1234,36773
1235,36789
1236,36806
1237,36828
1238,36845
1239,36863
1240,36883
1241,36900
1242,36916
1243,36933
1244,36949
1245,36969
1246,36990
1247,37010
1248,37210
1249,37232
1250,37248
1251,37265
1252,37287
1253,37487
1254,37507
1255,37525
1256,37541
1257,37562
1258,37581
1259,37603
1260,37619
1261,37635
1262,37657
1263,37673
1264,37694
1265,37711
1266,37727
1267,37743
1268,37762
1269,37780
1270,37796
1271,37814
1272,37831
1273,37847
1274,37864
1275,38064
1276,38080
1277,38104
1278,38121
1279,38137
1280,38155
1281,38171
1282,38188
1283,38209
1284,38226
1285,38245
1286,38262
1287,38283
1288,38305
1289,38321
1290,38338
1291,38360
1292,38378
1293,38394
1294,38412
1295,38428
1296,38446
1297,38463
1298,38481
1299,38501
1300,38522
1301,38544
1302,38563
1303,38579
1304,38597
1305,38619
1306,38636
1307,38652
1308,38672
1309,38688
1310,38705
1311,38723
1312,38739
1313,38755
1314,38771
1315,38787
1316,38805
1317,38821
1318,38838
1319,38855
1320,38872
1321,38889
1322,38905
1323,38922
1324,38946
1325,38962
1326,38978
1327,38998
1328,39014
1329,39032
1330,39048
1331,39064
1332,39082
1333,39100
1334,39118
1335,39135
1336,39153
1337,39353
1338,39371
1339,39388
1340,39405
1341,39421
1342,39438
1343,39456
1344,39475
1345,39494
1346,39510
1347,39530
1348,39546
1349,39563
1350,39579
1351,39595
1352,39616
1353,39635
1354,39652
1355,39670
1356,39686
1357,39705
1358,39721
1359,39743
1360,39761
1361,39777
1362,39796
1363,39812
1364,39829
1365,39845
1366,39861
1367,39879
1368,39895
1369,39914
1370,39930
1371,39947
1372,39963
1373,39983
1374,40000
1375,40017
1376,40033
1377,40053
1378,40071
1379,40089
1380,40106
1381,40122
1382,40138
1383,40155
1384,40173
1385,40190
1386,40206
1387,40225
1388,40242
1389,40259
1390,40459
1391,40477
1392,40493
1393,40513
1394,40530
1395,40551
1396,40570
1397,40590
1398,40790
1399,40809
1400,40827
1401,40844
1402,40861
1403,40881
1404,40897
1405,40915
1406,40934
1407,40952
1408,40968
1409,40984
1410,41000
1411,41018
1412,41034
1413,41053
1414,41070
1415,41086
1416,41104
1417,41120
1418,41139
1419,41156
1420,41175
1421,41191
1422,41207
1423,41228
1424,41428
1425,41447
1426,41470
1427,41486
1428,41686
1429,41702
1430,41724
1431,41924
1432,41941
1433,41958
1434,41974
1435,41994
1436,42016
1437,42033
1438,42056
1439,42074
1440,42093
1441,42109
1442,42127
1443,42144
1444,42160
1445,42177
1446,42195
1447,42217
1448,42235
1449,42252
1450,42268
1451,42284
1452,42300
1453,42319
1454,42336
1455,42352
1456,42368
1457,42384
1458,42402
1459,42421
1460,42621
1461,42641
1462,42657
1463,42676
1464,42876
1465,42893
1466,42912
1467,42928
1468,42945
1469,43145
1470,43161
1471,43178
1472,43194
1473,43212
1474,43230
1475,43249
1476,43265
1477,43281
1478,43299
1479,43316
1480,43337
1481,43358
1482,43558
1483,43576
1484,43776
1485,43793
1486,43814
1487,43834
1488,43850
1489,43866
1490,43883
1491,43899
1492,43917
1493,43939
1494,43957
1495,43973
1496,43991
1497,44007
1498,44023
1499,44045
1500,44063
1501,44079
1502,44095
1503,44295
1504,44311
1505,44511
1506,44528
1507,44548
1508,44566
1509,44585
1510,44605
1511,44622
1512,44641
1513,44658
1514,44675
1515,44695
1516,44711
1517,44729
1518,44746
1519,44762
1520,44786
1521,44802
1522,44822
1523,44839
1524,44858
1525,44880
1526,44900
1527,44922
1528,44939
1529,44958
1530,44977
1531,44993
1532,45010
1533,45026
1534,45042
1535,45059
1536,45077
1537,45093
1538,45111
1539,45132
1540,45148
1541,45164
1542,45181
1543,45198
1544,45214
1545,45230
1546,45246
1547,45263
1548,45279
1549,45296
1550,45315
1551,45331
1552,45348
1553,45365
1554,45382
1555,45398
1556,45416
1557,45434
1558,45452
1559,45468
1560,45485
1561,45503
1562,45523
1563,45549
1564,45565
1565,45582
1566,45598
1567,45620
1568,45636
1569,45652
1570,45668
1571,45687
1572,45705
1573,45726
1574,45743
1575,45943
1576,45960
1577,45976
1578,45998
1579,46014
1580,46034
1581,46050
1582,46068
1583,46084
1584,46103
1585,46119
1586,46138
1587,46156
1588,46174
1589,46190
1590,46210
1591,46227
1592,46246
1593,46267
1594,46284
1595,46308
1596,46326
1597,46345
1598,46363
1599,46379
1600,46395
1601,46412
1602,46428
1603,46447
1604,46647
1605,46665
1606,46681
1607,46703
1608,46720
1609,46736
1610,46752
1611,46770
1612,46790
1613,46810
1614,46828
1615,46849
1616,47049
1617,47068
1618,47084
1619,47100
1620,47116
1621,47138
1622,47154
1623,47173
1624,47193
1625,47210
1626,47226
1627,47242
1628,47442
1629,47458
1630,47474
1631,47491
1632,47510
1633,47530
1634,47548
1635,47564
1636,47581
1637,47598
1638,47615
1639,47631
1640,47647
1641,47666
1642,47688
1643,47709
1644,47725
1645,47742
1646,47767
1647,47785
1648,47803
1649,47822
1650,47839
1651,47857
1652,47873
1653,47890
1654,47908
1655,47924
1656,47941
1657,47960
1658,47977
1659,47993
1660,48009
1661,48025
1662,48044
1663,48062
1664,48078
1665,48095
1666,48113
1667,48130
1668,48149
1669,48349
1670,48369
1671,48386
1672,48408
1673,48426
1674,48443
1675,48459
1676,48475
1677,48495
1678,48511
1679,48529
1680,48547
1681,48564
1682,48587
1683,48604
1684,48804
1685,48821
1686,48839
1687,49039
1688,49062
1689,49079
1690,49095
1691,49111
1692,49130
1693,49149
1694,49166
1695,49184
1696,49384
1697,49584
1698,49601
1699,49617
1700,49634
1701,49651
1702,49668
1703,49686
1704,49702
1705,49723
1706,49740
1707,49757
1708,49776
1709,49792
1710,49808
1711,49824
1712,49841
1713,49857
1714,49874
1715,49892
1716,49914
1717,49930
1718,49946
1719,49962
1720,49979
1721,49996
1722,50013
1723,50029
1724,50045
1725,50062
1726,50081
1727,50098
1728,50114
1729,50132
1730,50148
1731,50164
1732,50180
1733,50380
1734,50397
1735,50597
1736,50614
1737,50632
1738,50648
1739,50666
1740,50685
1741,50702
1742,50718
1743,50735
1744,50755
1745,50771
1746,50787
1747,50804
1748,50822
1749,50841
1750,50857
1751,50874
1752,50891
1753,50908
1754,50927
1755,50943
1756,50960
1757,51160
1758,51178
1759,51194
1760,51215
1761,51231
1762,51254
1763,51275
1764,51291
1765,51308
1766,51326
1767,51345
1768,51361
1769,51377
1770,51577
1771,51595
1772,51611
1773,51627
1774,51645
1775,51661
1776,51861
1777,51877
1778,51898
1779,51920
1780,51936
1781,51955
1782,51975
1783,51995
1784,52015
1785,52032
1786,52048
1787,52068
1788,52085
1789,52105
1790,52121
1791,52137
1792,52158
1793,52178
1794,52197
1795,52214
1796,52232
1797,52251
1798,52269
1799,52291
1800,52308
1801,52324
1802,52340
1803,52356
1804,52373
1805,52396
1806,52412
1807,52429
1808,52448
1809,52464
1810,52480
1811,52496
1812,52512
1813,52528
1814,52548
1815,52565
1816,52583
1817,52601
1818,52618
1819,52635
1820,52651
1821,52668
1822,52685
1823,52701
1824,52717
1825,52734
1826,52752
1827,52770
1828,52787
1829,52808
1830,52824
1831,52841
1832,52861
1833,52882
1834,52898
1835,52914
1836,52931
1837,52947
1838,52965
1839,52987
1840,53007
1841,53023
1842,53039
1843,53055
1844,53072
1845,53090
1846,53106
1847,53127
1848,53143
1849,53161
1850,53180
1851,53200
1852,53216
1853,53232
1854,53248
1855,53264
1856,53282
1857,53300
1858,53318
1859,53336
1860,53536
1861,53553
1862,53753
1863,53770
1864,53786
1865,53803
1866,53819
1867,53838
1868,53854
1869,53870
1870,53886
1871,53902
1872,53919
1873,54119
1874,54138
1875,54156
1876,54176
1877,54195
1878,54214
1879,54234
1880,54250
1881,54267
1882,54283
1883,54299
1884,54315
1885,54333
1886,54349
1887,54371
1888,54387
1889,54404
1890,54420
1891,54442
1892,54458
1893,54476
1894,54492
1895,54514
1896,54531
1897,54548
1898,54567
1899,54583
1900,54601
1901,54618
1902,54636
1903,54656
1904,54673
1905,54690
1906,54706
1907,54906
1908,54926
1909,54943
1910,54962
1911,54979
1912,54995
1913,55195
1914,55216
1915,55240
1916,55257
1917,55277
1918,55294
1919,55312
1920,55329
1921,55345
1922,55362
1923,55562
1924,55581
1925,55600
1926,55617
1927,55633
1928,55651
1929,55667
1930,55685
1931,55706
1932,55723
1933,55739
1934,55755
1935,55775
1936,55794
1937,55818
1938,55837
1939,55853
1940,55875
1941,55892
1942,55908
1943,55925
1944,55941
1945,55958
1946,55974
1947,55992
1948,56010
1949,56028
1950,56044
1951,56061
1952,56080
1953,56097
1954,56113
1955,56130
1956,56147
1957,56163
1958,56183
1959,56383
1960,56402
1961,56423
1962,56439
1963,56639
1964,56658
1965,56674
1966,56690
1967,56706
1968,56722
1969,56740
1970,56756
1971,56772
1972,56790
1973,56806
1974,56824
1975,56840
1976,56858
1977,56874
1978,56892
1979,56908
1980,56929
1981,56947
1982,56963
1983,56981
1984,56997
1985,57013
1986,57032
1987,57049
1988,57066
1989,57266
1990,57284
1991,57301
1992,57319
1993,57338
1994,57358
1995,57377
1996,57394
1997,57413
1998,57429
1999,57446
2000,57462
